   0.6068071  -1.0064648
   0.6322210  -0.7736641
   0.5463850  -1.3092664
   0.7719849   0.0356069
   0.6572599  -0.4183707
   0.7596630  -0.0724208
   0.4087914  -1.2536134
   0.0501646  -2.6588115
   0.6333453  -0.7298637
   0.4317170  -1.3328490
   0.5032644  -1.1916364
   0.6929460  -0.3463866
   0.7026207  -0.0953004
   0.1815594  -1.6224009
   0.6227437  -0.6642303
   0.3337391  -1.4779813
   0.8477182   0.0663421
   0.6193613  -0.7993451
   0.6530654  -0.5864524
   0.8556666   0.1463226
   0.4387382  -1.6861274
   0.0069098  -2.7528072
   0.1793588  -1.5131151
   0.4468525  -1.5803543
   0.8643527   0.2839663
   0.0257614  -2.7090889
   0.9911486   0.1318477
   0.9696927   0.4743489
   0.3227485  -1.3132467
   0.1633542  -1.9289143

